{
  "advancedEditorSelectedIdentifier" : "ProjectBrowser",
  "openSceneRelativePaths" : [
    "Untitled Scene 2.usda"
  ],
  "recentIdentifiers" : {
    "03E02005-EFA6-48D6-8A76-05B2822A74E9" : [

    ],
    "49E3FD99-1130-469E-A964-F8E1382E0CBA" : [

    ]
  },
  "sceneCameraHistory" : {
    "0AE1C234-FFFA-44CB-83CE-AC6209EB2356" : [
      {
        "date" : 709311218.62692201,
        "title" : "Untitled",
        "transform" : [
          1,
          0,
          0,
          0,
          0,
          0.86602538824081421,
          -0.5,
          0,
          0,
          0.5,
          0.86602538824081421,
          0,
          0,
          0.27982941269874573,
          0.48467877507209778,
          1
        ]
      },
      {
        "date" : 709311193.007303,
        "title" : "Untitled",
        "transform" : [
          1,
          0,
          0,
          0,
          0,
          0.86602538824081421,
          -0.5,
          0,
          0,
          0.5,
          0.86602538824081421,
          0,
          0,
          0.27093476057052612,
          0.46927279233932495,
          1
        ]
      }
    ],
    "5C4434F7-1336-43EB-A76F-7E4336E6665B" : [
      {
        "date" : 709311386.55769205,
        "title" : "Untitled",
        "transform" : [
          1,
          0,
          0,
          0,
          0,
          0.86602538824081421,
          -0.5,
          0,
          0,
          0.5,
          0.86602538824081421,
          0,
          0,
          0.27093476057052612,
          0.46927279233932495,
          1
        ]
      }
    ],
    "9D076246-5198-4703-9F31-6CD97F6B09BE" : [
      {
        "date" : 709311472.94824898,
        "title" : "Untitled",
        "transform" : [
          1,
          0,
          0,
          0,
          0,
          0.86602538824081421,
          -0.5,
          0,
          0,
          0.5,
          0.86602538824081421,
          0,
          0,
          0.27093476057052612,
          0.46927279233932495,
          1
        ]
      }
    ],
    "26DBAE76-5DD8-47B6-A085-1B4ADA111097" : [
      {
        "date" : 709307667.65469801,
        "title" : "Untitled",
        "transform" : [
          -0.9929395318031311,
          -4.6088391059129208e-07,
          0.11862190812826157,
          0,
          0.10603685677051544,
          0.44825068116188049,
          0.88759654760360718,
          0,
          -0.053172752261161804,
          0.89390790462493896,
          -0.44508573412895203,
          0,
          -0.019776249304413795,
          0.33898428082466125,
          -0.16885510087013245,
          1
        ]
      }
    ],
    "49E3FD99-1130-469E-A964-F8E1382E0CBA" : [
      {
        "date" : 709311029.60697997,
        "title" : "Untitled",
        "transform" : [
          -0.0065439906902611256,
          3.7152711462873356e-12,
          -0.99997860193252563,
          0,
          -0.3756541907787323,
          0.92675668001174927,
          0.0024583304766565561,
          0,
          0.92673683166503906,
          0.37566223740577698,
          -0.0060646873898804188,
          0,
          0.61096692085266113,
          0.62039053440093994,
          -0.02263442799448967,
          1
        ]
      },
      {
        "date" : 709310976.24292195,
        "title" : "Untitled",
        "transform" : [
          -0.0065439906902611256,
          3.7152711462873356e-12,
          -0.99997860193252563,
          0,
          -0.3756541907787323,
          0.92675668001174927,
          0.0024583304766565561,
          0,
          0.92673683166503906,
          0.37566223740577698,
          -0.0060646873898804188,
          0,
          0.72021579742431641,
          0.35146054625511169,
          0.013354557566344738,
          1
        ]
      },
      {
        "date" : 709309641.34594095,
        "title" : "Untitled",
        "transform" : [
          -0.0065439906902611256,
          3.7152711462873356e-12,
          -0.99997860193252563,
          0,
          -0.3756541907787323,
          0.92675668001174927,
          0.0024583304766565561,
          0,
          0.92673683166503906,
          0.37566223740577698,
          -0.0060646873898804188,
          0,
          3.2240509986877441,
          1.5733155012130737,
          0.059781767427921295,
          1
        ]
      },
      {
        "date" : 709309633.85988796,
        "title" : "Untitled",
        "transform" : [
          1,
          0,
          0,
          0,
          0,
          0.86895310878753662,
          -0.49489450454711914,
          0,
          0,
          0.49489450454711914,
          0.86895310878753662,
          0,
          -0.066101342439651489,
          1.9964220523834229,
          3.1633303165435791,
          1
        ]
      },
      {
        "date" : 709309632.72746801,
        "title" : "Untitled",
        "transform" : [
          1,
          0,
          0,
          0,
          0,
          0.86602544784545898,
          -0.49999994039535522,
          0,
          0,
          0.49999994039535522,
          0.86602544784545898,
          0,
          0,
          0.1806236058473587,
          0.3128492534160614,
          1
        ]
      }
    ],
    "68C4DB95-E17A-44F6-AAF9-74FB00B9D777" : [
      {
        "date" : 709308328.70716298,
        "title" : "Untitled",
        "transform" : [
          1,
          0,
          0,
          0,
          0,
          0.86602532863616943,
          -0.50000011920928955,
          0,
          0,
          0.50000011920928955,
          0.86602532863616943,
          0,
          0,
          0.42897686362266541,
          0.74300980567932129,
          1
        ]
      }
    ],
    "582AD255-E2AD-4614-A29F-9026D83E3249" : [
      {
        "date" : 709311455.81265903,
        "title" : "Untitled",
        "transform" : [
          1,
          0,
          0,
          0,
          0,
          0.86602538824081421,
          -0.5,
          0,
          0,
          0.5,
          0.86602538824081421,
          0,
          0.0077747106552124023,
          0.40694320201873779,
          0.39074832201004028,
          1
        ]
      },
      {
        "date" : 709311355.04009497,
        "title" : "Untitled",
        "transform" : [
          1,
          0,
          0,
          0,
          0,
          0.86602538824081421,
          -0.5,
          0,
          0,
          0.5,
          0.86602538824081421,
          0,
          0,
          0.27093476057052612,
          0.46927279233932495,
          1
        ]
      }
    ],
    "AC83232B-92F5-48F8-A1E7-11FD7141E4D9" : [
      {
        "date" : 709309620.09292698,
        "title" : "Untitled",
        "transform" : [
          1,
          0,
          0,
          0,
          0,
          0.86602544784545898,
          -0.49999988079071045,
          0,
          0,
          0.49999988079071045,
          0.86602544784545898,
          0,
          0,
          0.27093499898910522,
          0.46927329897880554,
          1
        ]
      },
      {
        "date" : 709308452.85581803,
        "title" : "Untitled",
        "transform" : [
          1,
          0,
          0,
          0,
          0,
          0.86602544784545898,
          -0.49999994039535522,
          0,
          0,
          0.49999994039535522,
          0.86602544784545898,
          0,
          0,
          0.27093476057052612,
          0.46927276253700256,
          1
        ]
      },
      {
        "date" : 709308384.46166694,
        "title" : "Untitled",
        "transform" : [
          1,
          0,
          0,
          0,
          0,
          0.86602544784545898,
          -0.49999988079071045,
          0,
          0,
          0.49999988079071045,
          0.86602544784545898,
          0,
          0,
          0.27093499898910522,
          0.46927329897880554,
          1
        ]
      }
    ],
    "AFCF7A94-EF7C-43D9-B283-D8D655E3140C" : [
      {
        "date" : 709307974.80857503,
        "title" : "Untitled",
        "transform" : [
          1,
          0,
          0,
          0,
          0,
          0.86602544784545898,
          -0.49999994039535522,
          0,
          0,
          0.49999994039535522,
          0.86602544784545898,
          0,
          0,
          0.27093505859375,
          0.46927332878112793,
          1
        ]
      }
    ],
    "C649524D-F9AD-4690-B880-A0395D8E45F5" : [
      {
        "date" : 709308335.20526803,
        "title" : "Untitled",
        "transform" : [
          1,
          0,
          0,
          0,
          0,
          0.86602544784545898,
          -0.49999994039535522,
          0,
          0,
          0.49999994039535522,
          0.86602544784545898,
          0,
          0,
          0.27093505859375,
          0.46927332878112793,
          1
        ]
      }
    ],
    "F6736347-BCAF-47A3-ACBA-0532450A873F" : [
      {
        "date" : 709311286.99013102,
        "title" : "Untitled",
        "transform" : [
          1,
          0,
          0,
          0,
          0,
          0.86602538824081421,
          -0.5,
          0,
          0,
          0.5,
          0.86602538824081421,
          0,
          0,
          0.27093476057052612,
          0.46927279233932495,
          1
        ]
      }
    ]
  },
  "selectedSceneRelativePath" : "Untitled Scene 2.usda"
}